(kicad_pcb (version 20171130) (host pcbnew 5.0.2-bee76a0~70~ubuntu16.04.1)

  (general
    (thickness 1.6)
    (drawings 24)
    (tracks 42)
    (zones 0)
    (modules 33)
    (nets 14)
  )

  (page A4)
  (layers
    (0 F.Cu signal)
    (31 B.Cu signal)
    (32 B.Adhes user)
    (33 F.Adhes user)
    (34 B.Paste user)
    (35 F.Paste user)
    (36 B.SilkS user)
    (37 F.SilkS user)
    (38 B.Mask user)
    (39 F.Mask user)
    (40 Dwgs.User user)
    (41 Cmts.User user)
    (42 Eco1.User user)
    (43 Eco2.User user)
    (44 Edge.Cuts user)
    (45 Margin user)
    (46 B.CrtYd user)
    (47 F.CrtYd user)
    (48 B.Fab user)
    (49 F.Fab user)
  )

  (setup
    (last_trace_width 0.8)
    (user_trace_width 0.2)
    (user_trace_width 0.3)
    (user_trace_width 0.4)
    (user_trace_width 0.5)
    (user_trace_width 0.8)
    (user_trace_width 1)
    (user_trace_width 1.2)
    (user_trace_width 1.5)
    (trace_clearance 0.2)
    (zone_clearance 0.25)
    (zone_45_only no)
    (trace_min 0.2)
    (segment_width 0.2)
    (edge_width 0.15)
    (via_size 0.8)
    (via_drill 0.4)
    (via_min_size 0.4)
    (via_min_drill 0.3)
    (user_via 0.8 0.4)
    (user_via 1 0.6)
    (uvia_size 0.3)
    (uvia_drill 0.1)
    (uvias_allowed no)
    (uvia_min_size 0.2)
    (uvia_min_drill 0.1)
    (pcb_text_width 0.3)
    (pcb_text_size 1.5 1.5)
    (mod_edge_width 0.15)
    (mod_text_size 1 1)
    (mod_text_width 0.15)
    (pad_size 4 4)
    (pad_drill 1.4)
    (pad_to_mask_clearance 0.051)
    (solder_mask_min_width 0.25)
    (aux_axis_origin 0 0)
    (visible_elements FFFDFF7F)
    (pcbplotparams
      (layerselection 0x010f0_ffffffff)
      (usegerberextensions false)
      (usegerberattributes false)
      (usegerberadvancedattributes false)
      (creategerberjobfile false)
      (excludeedgelayer true)
      (linewidth 0.100000)
      (plotframeref false)
      (viasonmask false)
      (mode 1)
      (useauxorigin false)
      (hpglpennumber 1)
      (hpglpenspeed 20)
      (hpglpendiameter 15.000000)
      (psnegative false)
      (psa4output false)
      (plotreference true)
      (plotvalue false)
      (plotinvisibletext false)
      (padsonsilk false)
      (subtractmaskfromsilk false)
      (outputformat 1)
      (mirror false)
      (drillshape 0)
      (scaleselection 1)
      (outputdirectory "gerber"))
  )

  (net 0 "")
  (net 1 /FB)
  (net 2 /VBUS)
  (net 3 /SW)
  (net 4 GND)
  (net 5 /PR_INPUT)
  (net 6 "Net-(Q1-Pad3)")
  (net 7 "Net-(C4-Pad2)")
  (net 8 +24V)
  (net 9 "Net-(J2-Pad2)")
  (net 10 "Net-(J2-Pad3)")
  (net 11 /EN)
  (net 12 /FUSED)
  (net 13 /SHIELD)

  (net_class Default "This is the default net class."
    (clearance 0.2)
    (trace_width 0.25)
    (via_dia 0.8)
    (via_drill 0.4)
    (uvia_dia 0.3)
    (uvia_drill 0.1)
    (add_net +24V)
    (add_net /EN)
    (add_net /FB)
    (add_net /FUSED)
    (add_net /PR_INPUT)
    (add_net /SHIELD)
    (add_net /SW)
    (add_net /VBUS)
    (add_net GND)
    (add_net "Net-(C4-Pad2)")
    (add_net "Net-(J2-Pad2)")
    (add_net "Net-(J2-Pad3)")
    (add_net "Net-(Q1-Pad3)")
  )

  (net_class 05 ""
    (clearance 0.2)
    (trace_width 0.25)
    (via_dia 0.8)
    (via_drill 0.4)
    (uvia_dia 0.3)
    (uvia_drill 0.1)
  )

  (module Package_TO_SOT_SMD:SOT-23-6_Handsoldering (layer F.Cu) (tedit 5C6F2894) (tstamp 5D082FFE)
    (at 136.75 88 270)
    (descr "6-pin SOT-23 package, Handsoldering")
    (tags "SOT-23-6 Handsoldering")
    (path /5C6EA7A1)
    (attr smd)
    (fp_text reference U1 (at -3 0) (layer F.SilkS)
      (effects (font (size 1 1) (thickness 0.15)))
    )
    (fp_text value TPS54308 (at 0 2.9 270) (layer F.Fab)
      (effects (font (size 1 1) (thickness 0.15)))
    )
    (fp_text user %R (at 0 0) (layer F.Fab)
      (effects (font (size 0.5 0.5) (thickness 0.075)))
    )
    (fp_line (start -0.9 1.61) (end 0.9 1.61) (layer F.SilkS) (width 0.12))
    (fp_line (start 0.9 -1.61) (end -2.05 -1.61) (layer F.SilkS) (width 0.12))
    (fp_line (start -2.4 1.8) (end -2.4 -1.8) (layer F.CrtYd) (width 0.05))
    (fp_line (start 2.4 1.8) (end -2.4 1.8) (layer F.CrtYd) (width 0.05))
    (fp_line (start 2.4 -1.8) (end 2.4 1.8) (layer F.CrtYd) (width 0.05))
    (fp_line (start -2.4 -1.8) (end 2.4 -1.8) (layer F.CrtYd) (width 0.05))
    (fp_line (start -0.9 -0.9) (end -0.25 -1.55) (layer F.Fab) (width 0.1))
    (fp_line (start 0.9 -1.55) (end -0.25 -1.55) (layer F.Fab) (width 0.1))
    (fp_line (start -0.9 -0.9) (end -0.9 1.55) (layer F.Fab) (width 0.1))
    (fp_line (start 0.9 1.55) (end -0.9 1.55) (layer F.Fab) (width 0.1))
    (fp_line (start 0.9 -1.55) (end 0.9 1.55) (layer F.Fab) (width 0.1))
    (pad 1 smd rect (at -1.35 -0.95 270) (size 1.56 0.65) (layers F.Cu F.Paste F.Mask)
      (net 4 GND) (zone_connect 2))
    (pad 2 smd rect (at -1.35 0 270) (size 1.56 0.65) (layers F.Cu F.Paste F.Mask)
      (net 3 /SW) (zone_connect 2))
    (pad 3 smd rect (at -1.35 0.95 270) (size 1.56 0.65) (layers F.Cu F.Paste F.Mask)
      (net 5 /PR_INPUT) (clearance 0.25))
    (pad 4 smd rect (at 1.35 0.95 270) (size 1.56 0.65) (layers F.Cu F.Paste F.Mask)
      (net 1 /FB))
    (pad 6 smd rect (at 1.35 -0.95 270) (size 1.56 0.65) (layers F.Cu F.Paste F.Mask)
      (net 7 "Net-(C4-Pad2)"))
    (pad 5 smd rect (at 1.35 0 270) (size 1.56 0.65) (layers F.Cu F.Paste F.Mask)
      (net 11 /EN))
    (model ${KISYS3DMOD}/Package_TO_SOT_SMD.3dshapes/SOT-23-6.wrl
      (at (xyz 0 0 0))
      (scale (xyz 1 1 1))
      (rotate (xyz 0 0 0))
    )
  )

  (module MountingHole:MountingHole_2.5mm (layer F.Cu) (tedit 5C6F1AF5) (tstamp 5CFC5485)
    (at 108 77.75)
    (descr "Mounting Hole 2.5mm, no annular")
    (tags "mounting hole 2.5mm no annular")
    (path /5C764C09)
    (attr virtual)
    (fp_text reference MH2 (at 0 -3.5) (layer F.SilkS) hide
      (effects (font (size 1 1) (thickness 0.15)))
    )
    (fp_text value MountingHole (at 0 3.5) (layer F.Fab)
      (effects (font (size 1 1) (thickness 0.15)))
    )
    (fp_circle (center 0 0) (end 2.75 0) (layer F.CrtYd) (width 0.05))
    (fp_circle (center 0 0) (end 2.5 0) (layer Cmts.User) (width 0.15))
    (fp_text user %R (at 0.3 0) (layer F.Fab)
      (effects (font (size 1 1) (thickness 0.15)))
    )
    (pad 1 np_thru_hole circle (at 0 0) (size 2.5 2.5) (drill 2.5) (layers *.Cu *.Mask))
  )

  (module MountingHole:MountingHole_2.5mm (layer F.Cu) (tedit 5C6F1AFA) (tstamp 5CFC5495)
    (at 162 77.75)
    (descr "Mounting Hole 2.5mm, no annular")
    (tags "mounting hole 2.5mm no annular")
    (path /5C764E11)
    (attr virtual)
    (fp_text reference MH4 (at 0 -3.5) (layer F.SilkS) hide
      (effects (font (size 1 1) (thickness 0.15)))
    )
    (fp_text value MountingHole (at 0 3.5) (layer F.Fab)
      (effects (font (size 1 1) (thickness 0.15)))
    )
    (fp_circle (center 0 0) (end 2.75 0) (layer F.CrtYd) (width 0.05))
    (fp_circle (center 0 0) (end 2.5 0) (layer Cmts.User) (width 0.15))
    (fp_text user %R (at 0.3 0) (layer F.Fab)
      (effects (font (size 1 1) (thickness 0.15)))
    )
    (pad 1 np_thru_hole circle (at 0 0) (size 2.5 2.5) (drill 2.5) (layers *.Cu *.Mask))
  )

  (module MountingHole:MountingHole_2.5mm (layer F.Cu) (tedit 5C6F1AFF) (tstamp 5CFC548D)
    (at 162 97.75)
    (descr "Mounting Hole 2.5mm, no annular")
    (tags "mounting hole 2.5mm no annular")
    (path /5C764C75)
    (attr virtual)
    (fp_text reference MH3 (at 0 -3.5) (layer F.SilkS) hide
      (effects (font (size 1 1) (thickness 0.15)))
    )
    (fp_text value MountingHole (at 0 3.5) (layer F.Fab)
      (effects (font (size 1 1) (thickness 0.15)))
    )
    (fp_text user %R (at 0.3 0) (layer F.Fab)
      (effects (font (size 1 1) (thickness 0.15)))
    )
    (fp_circle (center 0 0) (end 2.5 0) (layer Cmts.User) (width 0.15))
    (fp_circle (center 0 0) (end 2.75 0) (layer F.CrtYd) (width 0.05))
    (pad 1 np_thru_hole circle (at 0 0) (size 2.5 2.5) (drill 2.5) (layers *.Cu *.Mask))
  )

  (module MountingHole:MountingHole_2.5mm (layer F.Cu) (tedit 5C6F1AF2) (tstamp 5CFC547D)
    (at 108 97.75)
    (descr "Mounting Hole 2.5mm, no annular")
    (tags "mounting hole 2.5mm no annular")
    (path /5C7626B4)
    (attr virtual)
    (fp_text reference MH1 (at 0 -3.5) (layer F.SilkS) hide
      (effects (font (size 1 1) (thickness 0.15)))
    )
    (fp_text value MountingHole (at 0 3.5) (layer F.Fab)
      (effects (font (size 1 1) (thickness 0.15)))
    )
    (fp_text user %R (at 0.3 0) (layer F.Fab)
      (effects (font (size 1 1) (thickness 0.15)))
    )
    (fp_circle (center 0 0) (end 2.5 0) (layer Cmts.User) (width 0.15))
    (fp_circle (center 0 0) (end 2.75 0) (layer F.CrtYd) (width 0.05))
    (pad 1 np_thru_hole circle (at 0 0) (size 2.5 2.5) (drill 2.5) (layers *.Cu *.Mask))
  )

  (module Capacitor_SMD:C_0603_1608Metric (layer F.Cu) (tedit 5B301BBE) (tstamp 5D08A007)
    (at 137.75 92.5 90)
    (descr "Capacitor SMD 0603 (1608 Metric), square (rectangular) end terminal, IPC_7351 nominal, (Body size source: http://www.tortai-tech.com/upload/download/2011102023233369053.pdf), generated with kicad-footprint-generator")
    (tags capacitor)
    (path /5C6EAD19)
    (attr smd)
    (fp_text reference C4 (at -2.5 0 90) (layer F.SilkS)
      (effects (font (size 1 1) (thickness 0.15)))
    )
    (fp_text value 100nF (at 0 1.43 90) (layer F.Fab)
      (effects (font (size 1 1) (thickness 0.15)))
    )
    (fp_text user %R (at 0 0 90) (layer F.Fab)
      (effects (font (size 0.4 0.4) (thickness 0.06)))
    )
    (fp_line (start 1.48 0.73) (end -1.48 0.73) (layer F.CrtYd) (width 0.05))
    (fp_line (start 1.48 -0.73) (end 1.48 0.73) (layer F.CrtYd) (width 0.05))
    (fp_line (start -1.48 -0.73) (end 1.48 -0.73) (layer F.CrtYd) (width 0.05))
    (fp_line (start -1.48 0.73) (end -1.48 -0.73) (layer F.CrtYd) (width 0.05))
    (fp_line (start -0.162779 0.51) (end 0.162779 0.51) (layer F.SilkS) (width 0.12))
    (fp_line (start -0.162779 -0.51) (end 0.162779 -0.51) (layer F.SilkS) (width 0.12))
    (fp_line (start 0.8 0.4) (end -0.8 0.4) (layer F.Fab) (width 0.1))
    (fp_line (start 0.8 -0.4) (end 0.8 0.4) (layer F.Fab) (width 0.1))
    (fp_line (start -0.8 -0.4) (end 0.8 -0.4) (layer F.Fab) (width 0.1))
    (fp_line (start -0.8 0.4) (end -0.8 -0.4) (layer F.Fab) (width 0.1))
    (pad 2 smd roundrect (at 0.7875 0 90) (size 0.875 0.95) (layers F.Cu F.Paste F.Mask) (roundrect_rratio 0.25)
      (net 7 "Net-(C4-Pad2)"))
    (pad 1 smd roundrect (at -0.7875 0 90) (size 0.875 0.95) (layers F.Cu F.Paste F.Mask) (roundrect_rratio 0.25)
      (net 3 /SW))
    (model ${KISYS3DMOD}/Capacitor_SMD.3dshapes/C_0603_1608Metric.wrl
      (at (xyz 0 0 0))
      (scale (xyz 1 1 1))
      (rotate (xyz 0 0 0))
    )
  )

  (module Capacitor_SMD:C_0603_1608Metric (layer F.Cu) (tedit 5B301BBE) (tstamp 5CF0613A)
    (at 149.216808 83.731307 180)
    (descr "Capacitor SMD 0603 (1608 Metric), square (rectangular) end terminal, IPC_7351 nominal, (Body size source: http://www.tortai-tech.com/upload/download/2011102023233369053.pdf), generated with kicad-footprint-generator")
    (tags capacitor)
    (path /5C707EE9)
    (attr smd)
    (fp_text reference C8 (at 0 -1.43 180) (layer F.SilkS)
      (effects (font (size 1 1) (thickness 0.15)))
    )
    (fp_text value C (at 0 1.43 180) (layer F.Fab)
      (effects (font (size 1 1) (thickness 0.15)))
    )
    (fp_line (start -0.8 0.4) (end -0.8 -0.4) (layer F.Fab) (width 0.1))
    (fp_line (start -0.8 -0.4) (end 0.8 -0.4) (layer F.Fab) (width 0.1))
    (fp_line (start 0.8 -0.4) (end 0.8 0.4) (layer F.Fab) (width 0.1))
    (fp_line (start 0.8 0.4) (end -0.8 0.4) (layer F.Fab) (width 0.1))
    (fp_line (start -0.162779 -0.51) (end 0.162779 -0.51) (layer F.SilkS) (width 0.12))
    (fp_line (start -0.162779 0.51) (end 0.162779 0.51) (layer F.SilkS) (width 0.12))
    (fp_line (start -1.48 0.73) (end -1.48 -0.73) (layer F.CrtYd) (width 0.05))
    (fp_line (start -1.48 -0.73) (end 1.48 -0.73) (layer F.CrtYd) (width 0.05))
    (fp_line (start 1.48 -0.73) (end 1.48 0.73) (layer F.CrtYd) (width 0.05))
    (fp_line (start 1.48 0.73) (end -1.48 0.73) (layer F.CrtYd) (width 0.05))
    (fp_text user %R (at 0 0 180) (layer F.Fab)
      (effects (font (size 0.4 0.4) (thickness 0.06)))
    )
    (pad 1 smd roundrect (at -0.7875 0 180) (size 0.875 0.95) (layers F.Cu F.Paste F.Mask) (roundrect_rratio 0.25)
      (net 13 /SHIELD))
    (pad 2 smd roundrect (at 0.7875 0 180) (size 0.875 0.95) (layers F.Cu F.Paste F.Mask) (roundrect_rratio 0.25)
      (net 4 GND))
    (model ${KISYS3DMOD}/Capacitor_SMD.3dshapes/C_0603_1608Metric.wrl
      (at (xyz 0 0 0))
      (scale (xyz 1 1 1))
      (rotate (xyz 0 0 0))
    )
  )

  (module Capacitor_SMD:C_1206_3216Metric (layer F.Cu) (tedit 5B301BBE) (tstamp 5CF06129)
    (at 131.25 84.25 90)
    (descr "Capacitor SMD 1206 (3216 Metric), square (rectangular) end terminal, IPC_7351 nominal, (Body size source: http://www.tortai-tech.com/upload/download/2011102023233369053.pdf), generated with kicad-footprint-generator")
    (tags capacitor)
    (path /5C6EAC97)
    (attr smd)
    (fp_text reference C2 (at 3.25 0 90) (layer F.SilkS)
      (effects (font (size 1 1) (thickness 0.15)))
    )
    (fp_text value 10uF (at 0 1.82 90) (layer F.Fab)
      (effects (font (size 1 1) (thickness 0.15)))
    )
    (fp_line (start -1.6 0.8) (end -1.6 -0.8) (layer F.Fab) (width 0.1))
    (fp_line (start -1.6 -0.8) (end 1.6 -0.8) (layer F.Fab) (width 0.1))
    (fp_line (start 1.6 -0.8) (end 1.6 0.8) (layer F.Fab) (width 0.1))
    (fp_line (start 1.6 0.8) (end -1.6 0.8) (layer F.Fab) (width 0.1))
    (fp_line (start -0.602064 -0.91) (end 0.602064 -0.91) (layer F.SilkS) (width 0.12))
    (fp_line (start -0.602064 0.91) (end 0.602064 0.91) (layer F.SilkS) (width 0.12))
    (fp_line (start -2.28 1.12) (end -2.28 -1.12) (layer F.CrtYd) (width 0.05))
    (fp_line (start -2.28 -1.12) (end 2.28 -1.12) (layer F.CrtYd) (width 0.05))
    (fp_line (start 2.28 -1.12) (end 2.28 1.12) (layer F.CrtYd) (width 0.05))
    (fp_line (start 2.28 1.12) (end -2.28 1.12) (layer F.CrtYd) (width 0.05))
    (fp_text user %R (at 0 0 90) (layer F.Fab)
      (effects (font (size 0.8 0.8) (thickness 0.12)))
    )
    (pad 1 smd roundrect (at -1.4 0 90) (size 1.25 1.75) (layers F.Cu F.Paste F.Mask) (roundrect_rratio 0.2)
      (net 5 /PR_INPUT))
    (pad 2 smd roundrect (at 1.4 0 90) (size 1.25 1.75) (layers F.Cu F.Paste F.Mask) (roundrect_rratio 0.2)
      (net 4 GND))
    (model ${KISYS3DMOD}/Capacitor_SMD.3dshapes/C_1206_3216Metric.wrl
      (at (xyz 0 0 0))
      (scale (xyz 1 1 1))
      (rotate (xyz 0 0 0))
    )
  )

  (module Capacitor_SMD:C_1206_3216Metric (layer F.Cu) (tedit 5B301BBE) (tstamp 5CF06118)
    (at 133.75 84.25 90)
    (descr "Capacitor SMD 1206 (3216 Metric), square (rectangular) end terminal, IPC_7351 nominal, (Body size source: http://www.tortai-tech.com/upload/download/2011102023233369053.pdf), generated with kicad-footprint-generator")
    (tags capacitor)
    (path /5C6EAB5A)
    (attr smd)
    (fp_text reference C3 (at 3.25 0 90) (layer F.SilkS)
      (effects (font (size 1 1) (thickness 0.15)))
    )
    (fp_text value 10uF (at 0 1.82 90) (layer F.Fab)
      (effects (font (size 1 1) (thickness 0.15)))
    )
    (fp_text user %R (at 0 0 90) (layer F.Fab)
      (effects (font (size 0.8 0.8) (thickness 0.12)))
    )
    (fp_line (start 2.28 1.12) (end -2.28 1.12) (layer F.CrtYd) (width 0.05))
    (fp_line (start 2.28 -1.12) (end 2.28 1.12) (layer F.CrtYd) (width 0.05))
    (fp_line (start -2.28 -1.12) (end 2.28 -1.12) (layer F.CrtYd) (width 0.05))
    (fp_line (start -2.28 1.12) (end -2.28 -1.12) (layer F.CrtYd) (width 0.05))
    (fp_line (start -0.602064 0.91) (end 0.602064 0.91) (layer F.SilkS) (width 0.12))
    (fp_line (start -0.602064 -0.91) (end 0.602064 -0.91) (layer F.SilkS) (width 0.12))
    (fp_line (start 1.6 0.8) (end -1.6 0.8) (layer F.Fab) (width 0.1))
    (fp_line (start 1.6 -0.8) (end 1.6 0.8) (layer F.Fab) (width 0.1))
    (fp_line (start -1.6 -0.8) (end 1.6 -0.8) (layer F.Fab) (width 0.1))
    (fp_line (start -1.6 0.8) (end -1.6 -0.8) (layer F.Fab) (width 0.1))
    (pad 2 smd roundrect (at 1.4 0 90) (size 1.25 1.75) (layers F.Cu F.Paste F.Mask) (roundrect_rratio 0.2)
      (net 4 GND))
    (pad 1 smd roundrect (at -1.4 0 90) (size 1.25 1.75) (layers F.Cu F.Paste F.Mask) (roundrect_rratio 0.2)
      (net 5 /PR_INPUT))
    (model ${KISYS3DMOD}/Capacitor_SMD.3dshapes/C_1206_3216Metric.wrl
      (at (xyz 0 0 0))
      (scale (xyz 1 1 1))
      (rotate (xyz 0 0 0))
    )
  )

  (module Capacitor_SMD:C_1206_3216Metric (layer F.Cu) (tedit 5B301BBE) (tstamp 5CF06107)
    (at 128.75 84.25 90)
    (descr "Capacitor SMD 1206 (3216 Metric), square (rectangular) end terminal, IPC_7351 nominal, (Body size source: http://www.tortai-tech.com/upload/download/2011102023233369053.pdf), generated with kicad-footprint-generator")
    (tags capacitor)
    (path /5C6EACD1)
    (attr smd)
    (fp_text reference C1 (at 3.25 0 90) (layer F.SilkS)
      (effects (font (size 1 1) (thickness 0.15)))
    )
    (fp_text value 10uF (at 0 1.82 90) (layer F.Fab)
      (effects (font (size 1 1) (thickness 0.15)))
    )
    (fp_line (start -1.6 0.8) (end -1.6 -0.8) (layer F.Fab) (width 0.1))
    (fp_line (start -1.6 -0.8) (end 1.6 -0.8) (layer F.Fab) (width 0.1))
    (fp_line (start 1.6 -0.8) (end 1.6 0.8) (layer F.Fab) (width 0.1))
    (fp_line (start 1.6 0.8) (end -1.6 0.8) (layer F.Fab) (width 0.1))
    (fp_line (start -0.602064 -0.91) (end 0.602064 -0.91) (layer F.SilkS) (width 0.12))
    (fp_line (start -0.602064 0.91) (end 0.602064 0.91) (layer F.SilkS) (width 0.12))
    (fp_line (start -2.28 1.12) (end -2.28 -1.12) (layer F.CrtYd) (width 0.05))
    (fp_line (start -2.28 -1.12) (end 2.28 -1.12) (layer F.CrtYd) (width 0.05))
    (fp_line (start 2.28 -1.12) (end 2.28 1.12) (layer F.CrtYd) (width 0.05))
    (fp_line (start 2.28 1.12) (end -2.28 1.12) (layer F.CrtYd) (width 0.05))
    (fp_text user %R (at 0 0 90) (layer F.Fab)
      (effects (font (size 0.8 0.8) (thickness 0.12)))
    )
    (pad 1 smd roundrect (at -1.4 0 90) (size 1.25 1.75) (layers F.Cu F.Paste F.Mask) (roundrect_rratio 0.2)
      (net 5 /PR_INPUT))
    (pad 2 smd roundrect (at 1.4 0 90) (size 1.25 1.75) (layers F.Cu F.Paste F.Mask) (roundrect_rratio 0.2)
      (net 4 GND))
    (model ${KISYS3DMOD}/Capacitor_SMD.3dshapes/C_1206_3216Metric.wrl
      (at (xyz 0 0 0))
      (scale (xyz 1 1 1))
      (rotate (xyz 0 0 0))
    )
  )

  (module Inductor_SMD:L_Wuerth_WE-PD2-Typ-L (layer F.Cu) (tedit 5990349D) (tstamp 5CF060F6)
    (at 143.25 85.75 90)
    (descr "Choke, Drossel, WE-PD2, Typ L, Wuerth, SMD,")
    (tags "Choke Drossel WE-PD2 TypL Wuerth SMD ")
    (path /5C6EB00F)
    (attr smd)
    (fp_text reference L1 (at 0 0 90) (layer F.SilkS)
      (effects (font (size 1 1) (thickness 0.15)))
    )
    (fp_text value 12uH (at 0 5 90) (layer F.Fab)
      (effects (font (size 1 1) (thickness 0.15)))
    )
    (fp_text user %R (at 0 0 90) (layer F.Fab)
      (effects (font (size 1 1) (thickness 0.15)))
    )
    (fp_line (start -4.25 -4) (end 4.25 -4) (layer F.CrtYd) (width 0.05))
    (fp_line (start 4.25 -4) (end 4.25 4) (layer F.CrtYd) (width 0.05))
    (fp_line (start 4.25 4) (end -4.25 4) (layer F.CrtYd) (width 0.05))
    (fp_line (start -4.25 4) (end -4.25 -4) (layer F.CrtYd) (width 0.05))
    (fp_line (start -3.1 3.5) (end 3.1 3.5) (layer F.Fab) (width 0.1))
    (fp_line (start 3.1 -3.5) (end -3.1 -3.5) (layer F.Fab) (width 0.1))
    (fp_line (start -0.4 3.8) (end 0.4 3.8) (layer F.SilkS) (width 0.12))
    (fp_line (start -0.4 -3.8) (end 0.45 -3.8) (layer F.SilkS) (width 0.12))
    (fp_arc (start -3.9 0) (end 3.1 -3.5) (angle 53) (layer F.Fab) (width 0.1))
    (fp_arc (start 3.9 0) (end -3.1 3.5) (angle 53) (layer F.Fab) (width 0.1))
    (pad 1 smd rect (at -2.5 0 90) (size 3 7.5) (layers F.Cu F.Paste F.Mask)
      (net 2 /VBUS))
    (pad 2 smd rect (at 2.5 0 90) (size 3 7.5) (layers F.Cu F.Paste F.Mask)
      (net 3 /SW))
    (model "${KIPRJMOD}/3D/User Library-Inductor_SDE0805.stp"
      (at (xyz 0 0 0))
      (scale (xyz 1 1 1))
      (rotate (xyz 0 0 0))
    )
  )

  (module Local:BEL-USBA-SS-52100-001 (layer F.Cu) (tedit 5C6F1CF9) (tstamp 5CF060E5)
    (at 152 87.95 90)
    (path /5C6F95D6)
    (fp_text reference J2 (at 0.275 -1.75 90) (layer F.SilkS) hide
      (effects (font (size 1 1) (thickness 0.15)))
    )
    (fp_text value USB_A (at 0.475 -1.925 90) (layer F.Fab) hide
      (effects (font (size 1 1) (thickness 0.15)))
    )
    (fp_line (start -6.25 -1) (end 6.25 -1) (layer F.SilkS) (width 0.1))
    (fp_line (start -6.25 13) (end 6.25 13) (layer F.SilkS) (width 0.1))
    (fp_line (start -6.25 -1) (end -6.25 0.55) (layer F.SilkS) (width 0.1))
    (fp_line (start -6.25 13) (end -6.25 5) (layer F.SilkS) (width 0.1))
    (fp_line (start 6.25 13) (end 6.25 5) (layer F.SilkS) (width 0.1))
    (fp_line (start 6.25 -1) (end 6.25 0.55) (layer F.SilkS) (width 0.1))
    (fp_line (start 6.25 13) (end 7.25 13) (layer F.SilkS) (width 0.1))
    (fp_line (start -6.25 13) (end -7.25 13) (layer F.SilkS) (width 0.1))
    (fp_line (start -4.5 6) (end -3.5 11) (layer F.SilkS) (width 0.1))
    (fp_line (start -3.5 11) (end -2 11) (layer F.SilkS) (width 0.1))
    (fp_line (start -2 11) (end -1 6) (layer F.SilkS) (width 0.1))
    (fp_line (start 1 6) (end 2 11) (layer F.SilkS) (width 0.1))
    (fp_line (start 2 11) (end 3.5 11) (layer F.SilkS) (width 0.1))
    (fp_line (start 3.5 11) (end 4.5 6) (layer F.SilkS) (width 0.1))
    (fp_line (start -4 6) (end -3 10.5) (layer F.SilkS) (width 0.1))
    (fp_line (start -3 10.5) (end -2.5 10.5) (layer F.SilkS) (width 0.1))
    (fp_line (start -2.5 10.5) (end -1.5 6) (layer F.SilkS) (width 0.1))
    (fp_line (start 1.5 6) (end 2.5 10.5) (layer F.SilkS) (width 0.1))
    (fp_line (start 2.5 10.5) (end 3 10.5) (layer F.SilkS) (width 0.1))
    (fp_line (start 3 10.5) (end 4 6) (layer F.SilkS) (width 0.1))
    (fp_arc (start -4.25 6) (end -4 6) (angle -180) (layer F.SilkS) (width 0.1))
    (fp_arc (start -1.25 6) (end -1 6) (angle -180) (layer F.SilkS) (width 0.1))
    (fp_arc (start 4.25 6) (end 4.5 6) (angle -180) (layer F.SilkS) (width 0.1))
    (fp_arc (start 1.25 6) (end 1.5 6) (angle -180) (layer F.SilkS) (width 0.1))
    (pad 5 thru_hole circle (at -6.57 2.8 90) (size 4 4) (drill 2.3) (layers *.Cu *.Mask)
      (net 13 /SHIELD))
    (pad 5 thru_hole circle (at 6.57 2.8 90) (size 4 4) (drill 2.3) (layers *.Cu *.Mask)
      (net 13 /SHIELD))
    (pad 1 thru_hole roundrect (at -3.5 0.09 90) (size 1.8 2) (drill 0.92) (layers *.Cu *.Mask) (roundrect_rratio 0.15)
      (net 2 /VBUS))
    (pad 2 thru_hole roundrect (at -1 0.09 90) (size 1.6 1.6) (drill 0.92) (layers *.Cu *.Mask) (roundrect_rratio 0.15)
      (net 9 "Net-(J2-Pad2)"))
    (pad 3 thru_hole roundrect (at 1 0.09 90) (size 1.6 1.6) (drill 0.92) (layers *.Cu *.Mask) (roundrect_rratio 0.15)
      (net 10 "Net-(J2-Pad3)"))
    (pad 4 thru_hole roundrect (at 3.5 0.09 90) (size 1.8 2) (drill 0.92) (layers *.Cu *.Mask) (roundrect_rratio 0.15)
      (net 4 GND))
    (model ${KIPRJMOD}/3D/femaleThruHoleUSB.stp
      (offset (xyz 0 -13 3))
      (scale (xyz 1 1 1))
      (rotate (xyz 0 0 0))
    )
  )

  (module Local:D-FLAT (layer F.Cu) (tedit 5C6EC349) (tstamp 5CFC3B38)
    (at 125 83.25 90)
    (path /5C6EC569)
    (fp_text reference D1 (at 0.1 -2.3 90) (layer F.SilkS)
      (effects (font (size 1 1) (thickness 0.15)))
    )
    (fp_text value D_TVS (at -0.1 2.2 90) (layer F.Fab) hide
      (effects (font (size 1 1) (thickness 0.15)))
    )
    (fp_line (start 2 -1) (end 2 -1.2) (layer F.SilkS) (width 0.1))
    (fp_line (start 2 -1.2) (end -1.8 -1.2) (layer F.SilkS) (width 0.1))
    (fp_line (start -1.8 -1.2) (end -1.8 -1) (layer F.SilkS) (width 0.1))
    (fp_line (start -1.8 1) (end -1.8 1.2) (layer F.SilkS) (width 0.1))
    (fp_line (start -1.8 1.2) (end 2 1.2) (layer F.SilkS) (width 0.1))
    (fp_line (start 2 1.2) (end 2 1) (layer F.SilkS) (width 0.1))
    (fp_line (start -1 0) (end -0.6 0) (layer F.SilkS) (width 0.1))
    (fp_line (start -0.5 -0.6) (end -0.5 0.6) (layer F.SilkS) (width 0.1))
    (fp_line (start -0.5 0) (end 0.4 -0.6) (layer F.SilkS) (width 0.1))
    (fp_line (start 0.4 -0.6) (end 0.4 0.6) (layer F.SilkS) (width 0.1))
    (fp_line (start 0.4 0.6) (end -0.4 0) (layer F.SilkS) (width 0.1))
    (fp_line (start 0.4 0) (end 1 0) (layer F.SilkS) (width 0.1))
    (fp_line (start -3.4 -0.9) (end -3.4 1) (layer F.SilkS) (width 0.1))
    (fp_line (start -3.4 1) (end -3.5 1) (layer F.SilkS) (width 0.1))
    (fp_line (start -3.5 1) (end -3.5 -0.9) (layer F.SilkS) (width 0.1))
    (fp_line (start -3.5 -0.9) (end -3.6 -0.9) (layer F.SilkS) (width 0.1))
    (fp_line (start -3.6 -0.9) (end -3.6 1) (layer F.SilkS) (width 0.1))
    (fp_line (start -3.6 1) (end -3.7 1) (layer F.SilkS) (width 0.1))
    (fp_line (start -3.7 1) (end -3.7 -0.9) (layer F.SilkS) (width 0.1))
    (fp_line (start -3.4 -1) (end -3.7 -1) (layer F.SilkS) (width 0.1))
    (fp_line (start -3.7 -1) (end -3.7 -0.9) (layer F.SilkS) (width 0.1))
    (fp_line (start -3.7 -0.9) (end -3.4 -0.9) (layer F.SilkS) (width 0.1))
    (fp_line (start -3.8 -1.4) (end -3.8 1.4) (layer F.CrtYd) (width 0.1))
    (fp_line (start -3.8 1.4) (end 3.6 1.4) (layer F.CrtYd) (width 0.1))
    (fp_line (start 3.6 1.4) (end 3.6 -1.4) (layer F.CrtYd) (width 0.1))
    (fp_line (start 3.6 -1.4) (end -3.8 -1.4) (layer F.CrtYd) (width 0.1))
    (pad 1 smd roundrect (at -2.3 0 90) (size 2 1.8) (layers F.Cu F.Paste F.Mask) (roundrect_rratio 0.1)
      (net 5 /PR_INPUT))
    (pad 2 smd roundrect (at 2.5 0 90) (size 2 1.8) (layers F.Cu F.Paste F.Mask) (roundrect_rratio 0.1)
      (net 4 GND))
    (model ${KISYS3DMOD}/Diode_SMD.3dshapes/D_TUMD2.step
      (at (xyz 0 0 0))
      (scale (xyz 2.3 2.3 2.3))
      (rotate (xyz 0 0 0))
    )
  )

  (module "Local:Fuse_2410_(6125_metric)" (layer F.Cu) (tedit 5C6EAFB7) (tstamp 5CFC2571)
    (at 123 94.75)
    (path /5C6EAE6A)
    (fp_text reference F1 (at 7.5 0.25) (layer F.SilkS)
      (effects (font (size 1 1) (thickness 0.15)))
    )
    (fp_text value Fuse (at 0.25 8.5) (layer F.Fab) hide
      (effects (font (size 1 1) (thickness 0.15)))
    )
    (fp_line (start -1.3 -1.9) (end -1.3 1.9) (layer F.SilkS) (width 0.1))
    (fp_line (start -1.3 1.9) (end 6.5 1.9) (layer F.SilkS) (width 0.1))
    (fp_line (start 6.5 1.9) (end 6.5 -1.9) (layer F.SilkS) (width 0.1))
    (fp_line (start 6.5 -1.9) (end -1.3 -1.9) (layer F.SilkS) (width 0.1))
    (fp_line (start 1.3 -0.5) (end 1.3 0.5) (layer F.SilkS) (width 0.1))
    (fp_line (start 3.9 -0.5) (end 3.9 0.5) (layer F.SilkS) (width 0.1))
    (fp_line (start 1.3 0) (end 3.9 0) (layer F.SilkS) (width 0.1))
    (pad 1 smd roundrect (at 0 0) (size 2.2 3.2) (layers F.Cu F.Paste F.Mask) (roundrect_rratio 0.25)
      (net 8 +24V))
    (pad 2 smd roundrect (at 5.15 0) (size 2.2 3.2) (layers F.Cu F.Paste F.Mask) (roundrect_rratio 0.25)
      (net 12 /FUSED))
    (model ${KISYS3DMOD}/Resistor_SMD.3dshapes/R_1206_3216Metric.wrl
      (offset (xyz 2.5 0 0))
      (scale (xyz 1.8 2 2))
      (rotate (xyz 0 0 0))
    )
  )

  (module "Local:TE FASTON 250 TAB 928814-1" (layer F.Cu) (tedit 5C6F1CEE) (tstamp 5CF06096)
    (at 116.5 94.75 180)
    (path /5C70CE9B)
    (fp_text reference J1 (at -2.75 -3 180) (layer F.SilkS) hide
      (effects (font (size 1 1) (thickness 0.15)))
    )
    (fp_text value Conn_01x02 (at -0.7 3.3 180) (layer F.Fab) hide
      (effects (font (size 1 1) (thickness 0.15)))
    )
    (fp_line (start -4.8 -2.4) (end -4.8 -2.2) (layer F.CrtYd) (width 0.1))
    (fp_line (start 10.8 -2.4) (end -4.8 -2.4) (layer F.CrtYd) (width 0.1))
    (fp_line (start 10.8 2.4) (end 10.8 -2.4) (layer F.CrtYd) (width 0.1))
    (fp_line (start -4.8 2.4) (end 10.8 2.4) (layer F.CrtYd) (width 0.1))
    (fp_line (start -4.8 -2.2) (end -4.8 2.4) (layer F.CrtYd) (width 0.1))
    (fp_line (start 10.6 0.4) (end 4.8 0.4) (layer F.SilkS) (width 0.1))
    (fp_line (start 10.6 -0.4) (end 10.6 0.4) (layer F.SilkS) (width 0.1))
    (fp_line (start 4.8 -0.4) (end 10.6 -0.4) (layer F.SilkS) (width 0.1))
    (fp_line (start 4.75 -2.25) (end -4.75 -2.25) (layer F.SilkS) (width 0.1))
    (fp_line (start 4.75 2.25) (end 4.75 -2.25) (layer F.SilkS) (width 0.1))
    (fp_line (start -4.75 2.25) (end 4.75 2.25) (layer F.SilkS) (width 0.1))
    (fp_line (start -4.75 -2.25) (end -4.75 2.25) (layer F.SilkS) (width 0.1))
    (pad 2 thru_hole roundrect (at 2.5 0 180) (size 4 4) (drill 1.4) (layers *.Cu *.Mask) (roundrect_rratio 0.1)
      (net 8 +24V))
    (pad 1 thru_hole roundrect (at -2.5 0 180) (size 4 4) (drill 1.4) (layers *.Cu *.Mask) (roundrect_rratio 0.1)
      (net 8 +24V))
    (model ${KIPRJMOD}/3D/c-928814-1-a-3d.stp
      (offset (xyz 13 0 4))
      (scale (xyz 1 1 1))
      (rotate (xyz -90 0 -90))
    )
  )

  (module "Local:TE FASTON 250 TAB 928814-1" (layer F.Cu) (tedit 5C6F2C45) (tstamp 5CF06084)
    (at 116.5 80.75 180)
    (path /5C7173C9)
    (fp_text reference J3 (at -2.75 -3 180) (layer F.SilkS) hide
      (effects (font (size 1 1) (thickness 0.15)))
    )
    (fp_text value Conn_01x02 (at -0.7 3.3 180) (layer F.Fab) hide
      (effects (font (size 1 1) (thickness 0.15)))
    )
    (fp_line (start -4.75 -2.25) (end -4.75 2.25) (layer F.SilkS) (width 0.1))
    (fp_line (start -4.75 2.25) (end 4.75 2.25) (layer F.SilkS) (width 0.1))
    (fp_line (start 4.75 2.25) (end 4.75 -2.25) (layer F.SilkS) (width 0.1))
    (fp_line (start 4.75 -2.25) (end -4.75 -2.25) (layer F.SilkS) (width 0.1))
    (fp_line (start 4.8 -0.4) (end 10.6 -0.4) (layer F.SilkS) (width 0.1))
    (fp_line (start 10.6 -0.4) (end 10.6 0.4) (layer F.SilkS) (width 0.1))
    (fp_line (start 10.6 0.4) (end 4.8 0.4) (layer F.SilkS) (width 0.1))
    (fp_line (start -4.8 -2.2) (end -4.8 2.4) (layer F.CrtYd) (width 0.1))
    (fp_line (start -4.8 2.4) (end 10.8 2.4) (layer F.CrtYd) (width 0.1))
    (fp_line (start 10.8 2.4) (end 10.8 -2.4) (layer F.CrtYd) (width 0.1))
    (fp_line (start 10.8 -2.4) (end -4.8 -2.4) (layer F.CrtYd) (width 0.1))
    (fp_line (start -4.8 -2.4) (end -4.8 -2.2) (layer F.CrtYd) (width 0.1))
    (pad 1 thru_hole roundrect (at -2.5 0 180) (size 4 4) (drill 1.4) (layers *.Cu *.Mask) (roundrect_rratio 0.1)
      (net 4 GND) (zone_connect 2))
    (pad 2 thru_hole roundrect (at 2.5 0 180) (size 4 4) (drill 1.4) (layers *.Cu *.Mask) (roundrect_rratio 0.1)
      (net 4 GND) (zone_connect 2))
    (model ${KIPRJMOD}/3D/c-928814-1-a-3d.stp
      (offset (xyz 13 0 4))
      (scale (xyz 1 1 1))
      (rotate (xyz -90 0 -90))
    )
  )

  (module Package_TO_SOT_SMD:SOT-23-6_Handsoldering (layer F.Cu) (tedit 5C6F1A50) (tstamp 5CFC25CA)
    (at 126.75 89.25 180)
    (descr "6-pin SOT-23 package, Handsoldering")
    (tags "SOT-23-6 Handsoldering")
    (path /5C6EC151)
    (attr smd)
    (fp_text reference Q1 (at 3.5 0 180) (layer F.SilkS)
      (effects (font (size 1 1) (thickness 0.15)))
    )
    (fp_text value CPH6341-TL-W (at 0 2.9 180) (layer F.Fab)
      (effects (font (size 1 1) (thickness 0.15)))
    )
    (fp_text user %R (at 0 0 270) (layer F.Fab)
      (effects (font (size 0.5 0.5) (thickness 0.075)))
    )
    (fp_line (start -0.9 1.61) (end 0.9 1.61) (layer F.SilkS) (width 0.12))
    (fp_line (start 0.9 -1.61) (end -2.05 -1.61) (layer F.SilkS) (width 0.12))
    (fp_line (start -2.4 1.8) (end -2.4 -1.8) (layer F.CrtYd) (width 0.05))
    (fp_line (start 2.4 1.8) (end -2.4 1.8) (layer F.CrtYd) (width 0.05))
    (fp_line (start 2.4 -1.8) (end 2.4 1.8) (layer F.CrtYd) (width 0.05))
    (fp_line (start -2.4 -1.8) (end 2.4 -1.8) (layer F.CrtYd) (width 0.05))
    (fp_line (start -0.9 -0.9) (end -0.25 -1.55) (layer F.Fab) (width 0.1))
    (fp_line (start 0.9 -1.55) (end -0.25 -1.55) (layer F.Fab) (width 0.1))
    (fp_line (start -0.9 -0.9) (end -0.9 1.55) (layer F.Fab) (width 0.1))
    (fp_line (start 0.9 1.55) (end -0.9 1.55) (layer F.Fab) (width 0.1))
    (fp_line (start 0.9 -1.55) (end 0.9 1.55) (layer F.Fab) (width 0.1))
    (pad 1 smd rect (at -1.35 -0.95 180) (size 1.56 0.65) (layers F.Cu F.Paste F.Mask)
      (net 12 /FUSED))
    (pad 2 smd rect (at -1.35 0 180) (size 1.56 0.65) (layers F.Cu F.Paste F.Mask)
      (net 12 /FUSED))
    (pad 3 smd rect (at -1.35 0.95 180) (size 1.56 0.65) (layers F.Cu F.Paste F.Mask)
      (net 6 "Net-(Q1-Pad3)"))
    (pad 4 smd rect (at 1.35 0.95 180) (size 1.56 0.65) (layers F.Cu F.Paste F.Mask)
      (net 5 /PR_INPUT))
    (pad 6 smd rect (at 1.35 -0.95 180) (size 1.56 0.65) (layers F.Cu F.Paste F.Mask)
      (net 12 /FUSED))
    (pad 5 smd rect (at 1.35 0 180) (size 1.56 0.65) (layers F.Cu F.Paste F.Mask)
      (net 12 /FUSED) (zone_connect 2))
    (model ${KISYS3DMOD}/Package_TO_SOT_SMD.3dshapes/SOT-23-6.wrl
      (at (xyz 0 0 0))
      (scale (xyz 1 1 1))
      (rotate (xyz 0 0 0))
    )
  )

  (module Resistor_SMD:R_0603_1608Metric (layer F.Cu) (tedit 5B301BBD) (tstamp 5CF06046)
    (at 130.25 89.25 270)
    (descr "Resistor SMD 0603 (1608 Metric), square (rectangular) end terminal, IPC_7351 nominal, (Body size source: http://www.tortai-tech.com/upload/download/2011102023233369053.pdf), generated with kicad-footprint-generator")
    (tags resistor)
    (path /5C6EC358)
    (attr smd)
    (fp_text reference R1 (at -2.025 -1.775) (layer F.SilkS)
      (effects (font (size 1 1) (thickness 0.15)))
    )
    (fp_text value 10k (at 0 1.43 270) (layer F.Fab)
      (effects (font (size 1 1) (thickness 0.15)))
    )
    (fp_text user %R (at 0 0 270) (layer F.Fab)
      (effects (font (size 0.4 0.4) (thickness 0.06)))
    )
    (fp_line (start 1.48 0.73) (end -1.48 0.73) (layer F.CrtYd) (width 0.05))
    (fp_line (start 1.48 -0.73) (end 1.48 0.73) (layer F.CrtYd) (width 0.05))
    (fp_line (start -1.48 -0.73) (end 1.48 -0.73) (layer F.CrtYd) (width 0.05))
    (fp_line (start -1.48 0.73) (end -1.48 -0.73) (layer F.CrtYd) (width 0.05))
    (fp_line (start -0.162779 0.51) (end 0.162779 0.51) (layer F.SilkS) (width 0.12))
    (fp_line (start -0.162779 -0.51) (end 0.162779 -0.51) (layer F.SilkS) (width 0.12))
    (fp_line (start 0.8 0.4) (end -0.8 0.4) (layer F.Fab) (width 0.1))
    (fp_line (start 0.8 -0.4) (end 0.8 0.4) (layer F.Fab) (width 0.1))
    (fp_line (start -0.8 -0.4) (end 0.8 -0.4) (layer F.Fab) (width 0.1))
    (fp_line (start -0.8 0.4) (end -0.8 -0.4) (layer F.Fab) (width 0.1))
    (pad 2 smd roundrect (at 0.7875 0 270) (size 0.875 0.95) (layers F.Cu F.Paste F.Mask) (roundrect_rratio 0.25)
      (net 4 GND))
    (pad 1 smd roundrect (at -0.7875 0 270) (size 0.875 0.95) (layers F.Cu F.Paste F.Mask) (roundrect_rratio 0.25)
      (net 6 "Net-(Q1-Pad3)"))
    (model ${KISYS3DMOD}/Resistor_SMD.3dshapes/R_0603_1608Metric.wrl
      (at (xyz 0 0 0))
      (scale (xyz 1 1 1))
      (rotate (xyz 0 0 0))
    )
  )

  (module Resistor_SMD:R_0603_1608Metric (layer F.Cu) (tedit 5B301BBD) (tstamp 5CF06035)
    (at 135.5 92.5 90)
    (descr "Resistor SMD 0603 (1608 Metric), square (rectangular) end terminal, IPC_7351 nominal, (Body size source: http://www.tortai-tech.com/upload/download/2011102023233369053.pdf), generated with kicad-footprint-generator")
    (tags resistor)
    (path /5C6EF5AF)
    (attr smd)
    (fp_text reference R2 (at -2.45 0 90) (layer F.SilkS)
      (effects (font (size 1 1) (thickness 0.15)))
    )
    (fp_text value 100k (at 0 1.43 90) (layer F.Fab)
      (effects (font (size 1 1) (thickness 0.15)))
    )
    (fp_line (start -0.8 0.4) (end -0.8 -0.4) (layer F.Fab) (width 0.1))
    (fp_line (start -0.8 -0.4) (end 0.8 -0.4) (layer F.Fab) (width 0.1))
    (fp_line (start 0.8 -0.4) (end 0.8 0.4) (layer F.Fab) (width 0.1))
    (fp_line (start 0.8 0.4) (end -0.8 0.4) (layer F.Fab) (width 0.1))
    (fp_line (start -0.162779 -0.51) (end 0.162779 -0.51) (layer F.SilkS) (width 0.12))
    (fp_line (start -0.162779 0.51) (end 0.162779 0.51) (layer F.SilkS) (width 0.12))
    (fp_line (start -1.48 0.73) (end -1.48 -0.73) (layer F.CrtYd) (width 0.05))
    (fp_line (start -1.48 -0.73) (end 1.48 -0.73) (layer F.CrtYd) (width 0.05))
    (fp_line (start 1.48 -0.73) (end 1.48 0.73) (layer F.CrtYd) (width 0.05))
    (fp_line (start 1.48 0.73) (end -1.48 0.73) (layer F.CrtYd) (width 0.05))
    (fp_text user %R (at 0 0 90) (layer F.Fab)
      (effects (font (size 0.4 0.4) (thickness 0.06)))
    )
    (pad 1 smd roundrect (at -0.7875 0 90) (size 0.875 0.95) (layers F.Cu F.Paste F.Mask) (roundrect_rratio 0.25)
      (net 2 /VBUS))
    (pad 2 smd roundrect (at 0.7875 0 90) (size 0.875 0.95) (layers F.Cu F.Paste F.Mask) (roundrect_rratio 0.25)
      (net 1 /FB))
    (model ${KISYS3DMOD}/Resistor_SMD.3dshapes/R_0603_1608Metric.wrl
      (at (xyz 0 0 0))
      (scale (xyz 1 1 1))
      (rotate (xyz 0 0 0))
    )
  )

  (module Resistor_SMD:R_0603_1608Metric (layer F.Cu) (tedit 5B301BBD) (tstamp 5CF06024)
    (at 133.75 92.5 270)
    (descr "Resistor SMD 0603 (1608 Metric), square (rectangular) end terminal, IPC_7351 nominal, (Body size source: http://www.tortai-tech.com/upload/download/2011102023233369053.pdf), generated with kicad-footprint-generator")
    (tags resistor)
    (path /5C6EF423)
    (attr smd)
    (fp_text reference R3 (at 2.45 -0.075 270) (layer F.SilkS)
      (effects (font (size 1 1) (thickness 0.15)))
    )
    (fp_text value 13.3k (at 0 1.43 270) (layer F.Fab)
      (effects (font (size 1 1) (thickness 0.15)))
    )
    (fp_text user %R (at 0 0 270) (layer F.Fab)
      (effects (font (size 0.4 0.4) (thickness 0.06)))
    )
    (fp_line (start 1.48 0.73) (end -1.48 0.73) (layer F.CrtYd) (width 0.05))
    (fp_line (start 1.48 -0.73) (end 1.48 0.73) (layer F.CrtYd) (width 0.05))
    (fp_line (start -1.48 -0.73) (end 1.48 -0.73) (layer F.CrtYd) (width 0.05))
    (fp_line (start -1.48 0.73) (end -1.48 -0.73) (layer F.CrtYd) (width 0.05))
    (fp_line (start -0.162779 0.51) (end 0.162779 0.51) (layer F.SilkS) (width 0.12))
    (fp_line (start -0.162779 -0.51) (end 0.162779 -0.51) (layer F.SilkS) (width 0.12))
    (fp_line (start 0.8 0.4) (end -0.8 0.4) (layer F.Fab) (width 0.1))
    (fp_line (start 0.8 -0.4) (end 0.8 0.4) (layer F.Fab) (width 0.1))
    (fp_line (start -0.8 -0.4) (end 0.8 -0.4) (layer F.Fab) (width 0.1))
    (fp_line (start -0.8 0.4) (end -0.8 -0.4) (layer F.Fab) (width 0.1))
    (pad 2 smd roundrect (at 0.7875 0 270) (size 0.875 0.95) (layers F.Cu F.Paste F.Mask) (roundrect_rratio 0.25)
      (net 4 GND))
    (pad 1 smd roundrect (at -0.7875 0 270) (size 0.875 0.95) (layers F.Cu F.Paste F.Mask) (roundrect_rratio 0.25)
      (net 1 /FB))
    (model ${KISYS3DMOD}/Resistor_SMD.3dshapes/R_0603_1608Metric.wrl
      (at (xyz 0 0 0))
      (scale (xyz 1 1 1))
      (rotate (xyz 0 0 0))
    )
  )

  (module Resistor_SMD:R_0603_1608Metric (layer F.Cu) (tedit 5B301BBD) (tstamp 5CF06013)
    (at 149.216808 82.231307 180)
    (descr "Resistor SMD 0603 (1608 Metric), square (rectangular) end terminal, IPC_7351 nominal, (Body size source: http://www.tortai-tech.com/upload/download/2011102023233369053.pdf), generated with kicad-footprint-generator")
    (tags resistor)
    (path /5C707D8F)
    (attr smd)
    (fp_text reference R4 (at 0.175 1.55 180) (layer F.SilkS)
      (effects (font (size 1 1) (thickness 0.15)))
    )
    (fp_text value R (at 0 1.43 180) (layer F.Fab)
      (effects (font (size 1 1) (thickness 0.15)))
    )
    (fp_line (start -0.8 0.4) (end -0.8 -0.4) (layer F.Fab) (width 0.1))
    (fp_line (start -0.8 -0.4) (end 0.8 -0.4) (layer F.Fab) (width 0.1))
    (fp_line (start 0.8 -0.4) (end 0.8 0.4) (layer F.Fab) (width 0.1))
    (fp_line (start 0.8 0.4) (end -0.8 0.4) (layer F.Fab) (width 0.1))
    (fp_line (start -0.162779 -0.51) (end 0.162779 -0.51) (layer F.SilkS) (width 0.12))
    (fp_line (start -0.162779 0.51) (end 0.162779 0.51) (layer F.SilkS) (width 0.12))
    (fp_line (start -1.48 0.73) (end -1.48 -0.73) (layer F.CrtYd) (width 0.05))
    (fp_line (start -1.48 -0.73) (end 1.48 -0.73) (layer F.CrtYd) (width 0.05))
    (fp_line (start 1.48 -0.73) (end 1.48 0.73) (layer F.CrtYd) (width 0.05))
    (fp_line (start 1.48 0.73) (end -1.48 0.73) (layer F.CrtYd) (width 0.05))
